<?xml version="1.0" encoding="UTF-8"?><kml xmlns="http://www.opengis.net/kml/2.2">
<Document>
<name>Routes</name>
<description>Routes For Site</description>
<Style id="LineId1">
<LineStyle>
<color>FFA9A9A9</color>
<width>4</width>

</LineStyle>
</Style><Placemark>
<name>LineId1</name>
<styleUrl>#LineId1</styleUrl>
<LineString>
<altitudeMode>relative</altitudeMode> 
<coordinates>
-87.60766000000001,33.293060000000004,00
-87.61201000000001,33.294560000000004,00
-87.61233000000001,33.29468,00
-87.61264000000001,33.29482,00
-87.61292,33.294990000000006,00
-87.61304000000001,33.29509,00
-87.61329,33.295350000000006,00
-87.61348000000001,33.29562,00
-87.61396,33.29648,00
-87.61487000000001,33.29816,00
-87.61524000000001,33.29881,00
-87.61540000000001,33.29907,00
-87.61559000000001,33.299310000000006,00
-87.6157,33.299420000000005,00
-87.61580000000001,33.29952,00
-87.61606,33.2997,00
-87.61654,33.299960000000006,00
-87.61698000000001,33.300200000000004,00
-87.61720000000001,33.30033,00
-87.61685000000001,33.300760000000004,00
-87.61632,33.301390000000005,00
-87.61575,33.30209,00
-87.6157,33.302200000000006,00
-87.61546000000001,33.302490000000006,00
-87.61535,33.30261,00
-87.61504000000001,33.30286,00
-87.61460000000001,33.30315,00
-87.61409,33.30335,00
-87.61363,33.30346,00
-87.61342,33.303490000000004,00
-87.61313000000001,33.303520000000006,00
-87.61225,33.303520000000006,00
-87.61213000000001,33.303490000000004,00
-87.61204000000001,33.30348,00
-87.61000000000001,33.30346,00
-87.60968000000001,33.30346,00
-87.60969,33.30259,00
-87.60969,33.30256,00
-87.60958000000001,33.30256,00
-87.60958000000001,33.303560000000004,00
-87.61114,33.303560000000004,00
-87.61213000000001,33.30355,00
-87.61225,33.303520000000006,00
-87.61313000000001,33.303520000000006,00
-87.61363,33.30346,00
-87.61426,33.303290000000004,00
-87.61460000000001,33.30315,00
-87.61476,33.303050000000006,00
-87.61504000000001,33.30286,00
-87.61535,33.30261,00
-87.6157,33.302200000000006,00
-87.61579,33.30216,00
-87.61675000000001,33.301050000000004,00
-87.61729000000001,33.300380000000004,00
-87.61698000000001,33.300200000000004,00
-87.61624,33.299800000000005,00
-87.61606,33.2997,00
-87.61580000000001,33.29952,00
-87.61559000000001,33.299310000000006,00
-87.61540000000001,33.29907,00
-87.61524000000001,33.29881,00
-87.61428000000001,33.2971,00
-87.61378,33.296150000000004,00
-87.61348000000001,33.29562,00
-87.61329,33.295350000000006,00
-87.61304000000001,33.29509,00
-87.61292,33.294990000000006,00
-87.61264000000001,33.29482,00
-87.61233000000001,33.29468,00
-87.61169000000001,33.29444,00
-87.60973000000001,33.293780000000005,00
-87.60615000000001,33.29254,00
-87.6038,33.29171,00
-87.60356,33.29164,00
-87.60283000000001,33.29146,00
-87.60232,33.291360000000005,00
-87.60174,33.291290000000004,00
-87.60125000000001,33.291270000000004,00
-87.60082000000001,33.2913,00
-87.5991,33.29139,00
-87.59746000000001,33.29149,00
-87.59752,33.291920000000005,00
-87.59761,33.29236,00
-87.59808000000001,33.294160000000005,00
-87.59859,33.29608,00
-87.59898000000001,33.29758,00
-87.60012,33.297380000000004,00
-87.60055000000001,33.297340000000005,00
-87.60104000000001,33.29739,00
-87.60124,33.297430000000006,00
-87.60165,33.297630000000005,00
-87.60219000000001,33.29795,00
-87.6029,33.29838,00
-87.60326,33.29858,00
-87.60349000000001,33.298680000000004,00
-87.60405,33.29889,00
-87.60471000000001,33.29903,00
-87.60533000000001,33.29912,00
-87.60584,33.299220000000005,00
-87.60608,33.299310000000006,00
-87.60647,33.299600000000005,00
-87.60661,33.29977,00
-87.6067,33.29992,00
-87.6068,33.300270000000005,00
-87.6068,33.30053,00
-87.60725000000001,33.30053,00
-87.60744000000001,33.3005,00
-87.60763,33.300470000000004,00
-87.60807000000001,33.300470000000004,00
-87.60905000000001,33.300520000000006,00
-87.60904000000001,33.30214,00
-87.60958000000001,33.302130000000005,00
-87.60958000000001,33.30256,00
-87.60959000000001,33.30346,00
-87.60931000000001,33.30346,00
-87.6088,33.30346,00
-87.60809,33.303490000000004,00
-87.60768,33.303540000000005,00
-87.60728,33.30362,00
-87.60677000000001,33.30377,00
-87.60616,33.304,00
-87.60578000000001,33.304170000000006,00
-87.60572,33.30425,00
-87.60515000000001,33.30449,00
-87.6045,33.30476,00
-87.60422000000001,33.30485,00
-87.60375,33.30496,00
-87.60312,33.305040000000005,00
-87.60169,33.305020000000006,00
-87.6011,33.305,00
-87.60097,33.30447,00
-87.60086000000001,33.303990000000006,00
-87.60048,33.302710000000005,00
-87.60017,33.301590000000004,00
-87.60015000000001,33.30154,00
-87.60005000000001,33.30145,00
-87.59991000000001,33.30096,00
-87.59962,33.29995,00
-87.59934000000001,33.29894,00
-87.59962,33.29995,00
-87.59991000000001,33.30096,00
-87.60005000000001,33.30145,00
-87.60004,33.301610000000004,00
-87.59939000000001,33.30172,00
-87.59883,33.30185,00
-87.59831000000001,33.3019,00
-87.59697000000001,33.301860000000005,00
-87.59630000000001,33.301840000000006,00
-87.59631,33.30149,00
-87.59633000000001,33.30084,00
-87.59337000000001,33.30075,00
-87.59296,33.300720000000005,00
-87.59221000000001,33.30071,00
-87.59203000000001,33.30071,00
-87.59183,33.30068,00
-87.59178000000001,33.30062,00
-87.5918,33.299980000000005,00
-87.59182000000001,33.29946,00
-87.59187,33.29852,00
-87.59190000000001,33.29787,00
-87.59193,33.297810000000005,00
-87.59209000000001,33.297810000000005,00
-87.59271000000001,33.29782,00
-87.59351000000001,33.29786,00
-87.59533,33.297920000000005,00
-87.59647000000001,33.29796,00
-87.59778,33.297720000000005,00
-87.59839000000001,33.297610000000006,00
-87.59851,33.297630000000005,00
-87.59875000000001,33.29759,00
-87.59879000000001,33.29758,00
-87.59898000000001,33.29758,00
-87.59878,33.29679,00
-87.59832,33.295080000000006,00
-87.5978,33.293110000000006,00
-87.59761,33.29236,00
-87.59752,33.291920000000005,00
-87.59746000000001,33.29149,00
-87.59745000000001,33.29117,00
-87.59747,33.29001,00
-87.59749000000001,33.289350000000006,00
-87.59752,33.28904,00
-87.59763000000001,33.28833,00
-87.59791000000001,33.287290000000006,00
-87.59803000000001,33.28689,00
-87.59825000000001,33.28636,00
-87.59889000000001,33.28497,00
-87.59920000000001,33.28425,00
-87.59933000000001,33.28381,00
-87.5994,33.283440000000006,00
-87.59945,33.28296,00
-87.59952000000001,33.282050000000005,00
-87.59967,33.280210000000004,00
-87.59979000000001,33.278580000000005,00
-87.5998,33.27792,00
-87.59976,33.2775,00
-87.59961000000001,33.27676,00
-87.59927,33.275200000000005,00
-87.59919000000001,33.27467,00
-87.59917,33.274460000000005,00
-87.59916000000001,33.27306,00
-87.59916000000001,33.271460000000005,00
-87.59919000000001,33.269940000000005,00
-87.59924000000001,33.26943,00
-87.59938000000001,33.26896,00
-87.59949,33.26868,00
-87.59962,33.26843,00
-87.5999,33.268,00
-87.60022000000001,33.267630000000004,00
-87.60114,33.26675,00
-87.60180000000001,33.2661,00
-87.60251000000001,33.265370000000004,00
-87.60362,33.26422,00
-87.60579000000001,33.26198,00
-87.60600000000001,33.26165,00
-87.60615000000001,33.26137,00
-87.60622000000001,33.26113,00
-87.60627000000001,33.260940000000005,00
-87.6063,33.26075,00
-87.6063,33.26032,00
-87.60623000000001,33.259890000000006,00
-87.60555000000001,33.257830000000006,00
-87.60539000000001,33.257310000000004,00
-87.60531,33.25695,00
-87.60521000000001,33.25625,00
</coordinates>
</LineString>
</Placemark><Style id="LineId2">
<LineStyle>
<color>ffA9A9FF</color>
<width>4</width>

</LineStyle>
</Style><Placemark>
<name>LineId2</name>
<styleUrl>#LineId2</styleUrl>
<LineString>
<altitudeMode>relative</altitudeMode> 
<coordinates>
-87.59934000000001,33.29894,0
-87.599,33.297650000000004,0
</coordinates>
</LineString>
</Placemark>
</Document>
</kml>
